0.123301 179
0.000310 34
1.359318 1
0.093501 1
0.172544 1
0.146136 1
0.260875 1
0.141812 1
0.242294 1
0.192507 1
0.270651 1
0.224786 1
0.680755 2
4.064858 69
0.820141 55
3.643539 12
0.000868 21
1.628420 12
0.000164 21
1.623687 12
0.000153 21
2.751279 12
0.000165 21
2.096413 12
0.328120 65
0.412191 84
4.046608 60
2.025713 72
0.228883 77
0.000600 37
0.193765 42
0.404412 60
0.544707 62
0.480275 36
3.912259 82
1.093299 50
0.000259 44
0.000355 51
42.229963 174
1.919720 84
0.789392 78
0.906263 88
2.143903 48
2.537020 72
10.364165 39
0.017325 136
0.902664 152
0.039651 128
0.049262 79
0.013424 83
0.033912 581
0.019643 143
0.059057 1612
0.043774 972
0.031768 546
0.010037 178
0.014516 242
0.055132 887
0.049574 275
0.052585 740
0.047887 424
1.085119 44
0.912874 33
0.021403 3772
1.154983 86
0.000713 157
0.738808 82
6.963635 238
0.000989 312
0.572952 35
0.023691 34
1.750019 36
0.021942 29
1.647229 87
0.918757 90
1.272700 90
0.431503 90
0.076830 90
0.145516 90
0.156193 90
0.109063 90
0.099559 90
0.637357 90
0.161070 90
0.281168 90
0.172175 90
0.130060 90
0.136895 90
0.096263 90
0.139131 90
0.099036 90
0.110422 90
0.134942 90
0.145675 90
0.170154 90
0.142494 90
0.136717 90
0.103877 90
0.143126 90
0.181201 90
0.247351 90
0.147071 90
3.500127 90
2.232693 90
0.348316 90
1.118826 90
1.117993 90
0.365673 90
4.170214 90
0.366316 90
19.029585 90
46.966219 90
41.457418 90
0.467499 90
0.046226 90
0.078329 90
0.066851 90
0.047023 90
0.097008 90
0.120894 90
0.108696 90
0.058469 90
0.049181 90
0.057762 90
0.184242 90
0.069416 90
0.099046 90
0.129237 90
0.133940 90
0.196475 90
0.059610 90
0.097443 90
0.087848 90
0.088791 90
0.102897 90
0.091392 90
0.059900 90
0.095909 90
0.063729 90
0.093737 90
0.211084 90
0.082029 90
0.100162 90
0.067296 90
0.061638 90
0.061768 90
0.134481 90
0.060605 90
0.033849 90
0.049902 90
0.050697 90
0.056869 90
0.068321 90
0.278022 3273
0.244896 109
6.181746 58
0.363596 66
1.094977 83
0.212682 38
0.166486 20
0.011015 64
0.058349 11
0.058632 9
0.062641 12
0.027981 10
0.025880 46
0.100818 50
2.491654 43
10.747507 47
0.021846 119
0.021721 87
0.001145 76
0.000812 40
0.002299 70
0.018579 95
120.288291 61
1.284007 69
0.010098 62
2.076018 60
0.178845 42
3.123235 49
0.000675 81
2.227926 52
1.207879 45
1.220593 55
0.161005 68
0.008241 134
0.788980 162
0.185635 109
0.584012 55
0.019482 107
0.988813 60
0.572156 62
0.007367 983
0.000048 2
0.492160 241
0.206643 50
0.162181 86
0.235091 105
0.222502 121
0.415141 121
0.057972 121
0.368722 347
0.159568 178
0.000546 34
31.932537 1
0.096719 1
0.147812 1
0.174520 1
0.248660 1
0.094654 1
0.261794 1
0.192824 1
0.286127 1
0.230357 1
0.299155 1
0.847710 2
6.676770 55
1.708167 1
0.190291 1
0.514057 1
0.479380 1
0.511534 1
0.417216 2
0.025184 190
16.842321 1
0.219430 1
0.177990 1
0.254956 4
4.590453 1
0.123076 1
0.124081 1
0.995110 1
0.205817 1
0.167152 1
0.225760 1
0.497016 1
0.154171 1
0.212985 1
0.270904 1
0.209587 1
1.473983 2
0.004854 118
1.687587 1
0.157789 1
0.070289 1
0.111260 1
0.093504 1
0.062959 1
0.092453 1
0.051746 1
0.217773 2
0.165145 67
1.091387 1
0.715519 1
0.204995 1
0.176911 4
1.340999 1
0.250471 1
0.140674 1
0.256252 1
0.586378 1
0.173510 1
0.197741 1
0.110128 1
0.308091 1
0.210283 1
0.199158 1
0.190183 1
0.362384 2
0.004239 325
0.694435 19
1.396061 1
0.303211 1
0.336117 1
0.226226 1
0.193488 1
0.148833 4
0.888562 1
0.205345 1
0.270181 1
0.125919 1
0.181125 1
0.562728 1
0.221825 1
0.610686 1
2.638608 2
0.003714 55
0.013964 577
0.213240 46
0.002122 36
0.055215 169
0.002961 59
2.871896 1
0.187937 1
0.210404 1
0.130519 1
1.078107 3
0.099919 3
0.628281 1
0.022374 1
0.366100 3
0.239536 1
0.200027 2
0.883361 1
0.260212 1
0.176627 1
0.223688 1
0.208946 1
0.165027 1
0.204341 1
0.117431 1
0.539631 1
0.639289 1
0.095322 1
0.771696 2
0.010323 448
26.386220 61
0.160401 61
1.073046 48
7.933251 2
0.011606 419
7.304252 4
1.419097 3
0.146290 3
0.153237 6
0.220656 1
0.491606 85
0.361406 48
0.551850 1
0.174823 1
0.189101 1
0.128728 1
0.151751 1
0.151993 1
0.153090 1
0.147542 1
0.168223 5
1.250510 8
1.897669 2
0.012761 272
3.808954 1
0.434770 2
0.006636 43
0.100535 32
0.105698 59
1.368816 1
0.232650 1
0.230735 1
0.151836 1
0.228894 1
0.200337 1
0.110755 1
0.208935 1
0.540851 3
0.187034 3
0.195827 1
0.765054 1
0.216373 3
0.906100 1
0.169843 1
0.202969 1
0.235517 4
0.532217 2
0.008571 189
12.662677 20
3.499857 3
0.501487 3
0.032993 3
0.027141 3
0.029066 3
0.029999 3
0.039298 3
0.022879 3
0.031863 3
0.024991 3
0.031816 3
0.042819 3
0.016990 3
0.029456 3
0.028814 3
0.031028 3
0.029388 3
0.030376 3
0.029935 3
0.030036 3
0.031245 1
0.029184 1
0.029421 1
0.030865 1
0.029329 1
0.028916 1
0.032475 1
0.349646 1
0.142620 1
0.384909 1
0.288990 1
0.333963 1
0.162931 2
0.008253 280
6.863664 20
2.465455 2
0.027295 216
37.259203 1
0.202968 1
0.131508 1
0.088926 1
0.981712 1
0.258077 1
0.133381 1
0.570235 1
0.430162 3
0.187166 3
0.148065 3
0.181973 1
0.173818 1
0.381419 3
0.154177 3
0.159759 3
1.289324 1
0.218945 1
0.221900 1
0.190752 162
0.259835 3
0.103921 1
0.187362 1
0.925758 1
0.107729 3
0.980798 1
0.171568 1
0.197475 1
0.233714 1
0.133519 1
0.559201 1
0.560103 1
0.171722 1
0.304332 1
0.470420 3
0.284947 1
0.273516 1
0.210668 1
0.441852 1
0.459009 1
0.128944 1
1.362519 3
0.366952 1
0.171960 1
0.776188 1
0.123017 1
0.160323 1
0.251168 2
0.000201 297
3.191126 1
0.127679 2
0.001268 693
6.867072 1
0.367494 76
3.748610 1
1.067933 104
1.439474 1
0.255825 37
0.943541 1
0.288413 46
1.007249 101
1.122320 109
1.742297 1
0.271323 48
5.793280 1
2.241471 43
0.012276 45
0.016455 16
0.021344 59
3.548808 1
0.087974 1
0.477309 1
0.212067 1
0.190069 1
0.195334 2
0.011071 343
3.293547 1
0.087677 1
0.197197 1
0.094087 1
0.096557 1
0.128214 1
0.117534 1
0.570343 1
0.209249 1
0.270884 1
0.178444 1
0.428842 1
0.681295 1
0.210342 2
0.951056 1
0.332747 1
0.229315 1
0.848122 1
0.364482 1
0.149007 1
0.121537 1
0.466182 2
0.219047 58
0.230363 100
2.903347 1
0.054437 1
0.431635 1
0.351401 1
0.513143 1
0.576178 1
0.198443 1
0.281553 1
0.172723 3
1.057513 1
0.258939 1
1.052743 1
0.204481 1
0.187818 1
0.407689 1
0.160105 1
0.479719 1
0.241595 1
0.454278 1
0.308724 2
0.884663 1
0.214548 2
0.426487 2
0.020678 29
0.045048 536
0.085875 165
0.204812 79
0.916696 14
0.353016 14
0.583587 67
0.873405 21
0.314001 40
2.862378 2
0.126542 59
3.980679 1
0.109142 1
0.085771 1
0.104657 1
0.244766 1
0.160262 1
0.080699 1
0.138408 2
0.004517 89
14.948847 17
3.968546 2
205.041015 59
73.874291 1
0.146918 1
0.102626 1
0.634532 3
0.624692 1
0.335414 1
0.306474 1
0.174566 1
0.114467 1
0.144319 2
0.018384 500
2.369049 1
0.176557 1
0.106071 1
0.036248 1
0.505619 1
0.320620 2
0.029157 486
18.662618 134
2.145920 2
0.066329 59
1.087848 1
0.279162 1
0.274172 1
0.237529 1
0.150918 1
0.138460 1
0.092212 1
0.227404 1
0.440383 1
0.327794 3
0.303833 1
0.164025 1
0.077312 1
0.451000 2
0.337443 49
7.881944 1
0.120182 1
0.169712 1
0.261104 1
0.211784 1
0.230011 1
0.627012 1
0.140417 1
0.367998 1
0.224916 1
0.176567 4
0.575208 2
0.036548 83
0.004592 4095
0.000271 386
0.775074 2
0.171810 2
0.158718 2
0.146387 2
0.138698 2
0.158744 2
0.164381 2
0.199069 2
1.033139 247
0.918139 27
0.260248 1
0.204715 1
0.221752 19
0.012666 89
12.434678 1
0.441742 1
0.149654 1
0.149686 1
0.659543 1
0.279482 1
0.815014 1
0.273688 1
0.179028 1
0.284494 1
0.166468 1
0.156908 1
0.190349 1
0.150651 3
0.822275 1
0.320087 1
0.120062 2
0.985685 1
0.070695 4
0.380813 2
0.004384 313
1.946075 95
4.576785 2
0.054094 41
0.669580 1
0.221965 1
0.284379 1
0.106238 1
0.149559 1
0.094552 1
0.197701 1
0.233571 1
0.128289 1
0.271443 1
0.225000 1
0.319721 1
0.186767 3
0.736198 2
0.004915 365
16.544284 1
0.161656 1
0.238555 1
0.304077 2
0.366339 3
0.180853 3
0.137393 1
0.414560 3
0.072976 1
0.186038 2
0.700958 1
0.138670 1
0.100100 1
0.160459 1
0.229949 1
0.257140 1
0.133715 1
0.181664 1
0.275662 1
0.146123 1
0.140461 1
0.109717 1
0.340392 3
0.106807 1
0.170895 1
0.199366 1
0.303663 1
0.625236 2
0.053977 128
1.450869 21
0.419342 1
3.365056 1
1.049286 1
0.484950 1
0.139725 1
0.207701 1
0.275267 1
0.109054 1
0.368278 1
0.187949 1
0.274401 1
0.229955 1
0.122401 1
0.270486 1
0.223694 1
0.113388 1
0.148230 1
0.558838 3
0.189522 1
0.165835 1
0.763609 2
0.036144 41
0.722616 1
0.240316 1
0.265257 1
0.078968 1
0.192034 1
0.045913 1
0.207572 1
0.197966 1
0.068851 1
0.341008 1
0.302936 3
0.215852 1
0.210479 1
0.215414 3
0.079841 1
0.207565 1
0.479630 3
0.149965 3
0.393302 1
0.256169 1
0.228502 1
0.179628 8
0.507872 2
0.001207 128
6.794279 1
0.217486 1
0.097087 1
0.230245 1
0.688953 1
0.219270 1
0.152054 1
0.112557 1
0.229229 1
0.356686 1
0.130771 1
0.078713 1
0.143276 34
1.473136 1
0.484251 1
0.539485 1
0.149833 1
0.116026 2
0.714932 1
0.184914 1
0.063462 1
0.067837 1
0.192765 33
0.723259 3
0.394365 1
0.320485 1
0.103434 1
0.622948 1
0.233408 2
0.006783 41
9.701842 50
3.475498 2
0.051070 237
49.243390 41
19.231926 1
0.188322 1
0.201203 1
0.688784 1
0.346797 1
0.272850 1
0.213125 1
0.112567 1
0.220831 1
0.214423 1
0.264409 1
0.249937 5
1.587788 1
0.190755 1
0.192085 1
0.218627 1
0.439411 3
0.174357 3
0.911085 1
0.230198 3
0.103078 1
0.156023 1
0.219047 3
0.924925 2
0.012792 4095
0.000347 1003
0.803248 2
0.191532 2
0.133333 2
0.162370 2
0.160051 2
0.741239 6
0.898480 66
0.593400 21
0.382490 21
0.864669 21
0.479573 21
0.236731 21
0.199806 21
0.163492 21
0.280514 21
0.560557 21
0.217461 39
0.180906 21
0.095615 21
0.828077 18
0.339306 44
0.274045 1
0.197893 1
0.266364 26
0.012017 89
6.852858 1
0.222245 1
0.322733 1
0.253104 1
0.210017 1
0.401532 1
0.158890 2
0.823832 1
0.060363 1
0.099334 1
1.062273 1
0.143662 1
0.086647 5
2.345904 1
0.559522 1
0.849895 1
9.327231 1
0.270774 1
0.385321 1
0.174733 1
0.186267 3
0.139785 3
0.080117 1
0.442315 1
0.141749 1
0.529905 1
0.416307 1
0.141841 1
0.226000 1
0.308542 1
0.316095 1
0.701638 1
0.198778 1
0.777206 1
0.116818 1
0.174358 3
0.879890 1
0.114802 4
1.271925 2
0.725827 40
0.194088 119
0.023480 57
0.088130 64
0.379235 238
0.114460 119
0.640453 119
1.164343 47
1.313950 1
0.158033 1
0.256782 1
0.241352 1
0.297185 1
0.392477 1
0.333907 1
0.320595 3
0.271378 1
0.054294 1
0.166205 6
1.124487 1
0.157488 1
0.193355 1
0.196696 1
0.300702 1
0.448719 1
0.203087 1
0.466601 1
3.079097 2
0.101981 34
2.549975 222
0.532262 84
7.197508 1
0.075357 1
0.198168 1
0.155178 1
0.090917 1
0.141248 1
0.327882 1
0.366309 1
0.139472 1
0.150918 2
2.256909 11
0.096433 4
0.122378 4
0.125519 6
0.148159 4
0.131858 5
0.212565 5
0.248883 5
0.304487 7
0.846885 1
0.176167 1
0.170477 4
1.030235 1
0.239495 1
0.156498 3
0.372261 1
0.158386 4
0.339377 2
0.003650 3847
9.726232 43
0.148087 43
0.166406 43
5.217063 1
0.101911 1
0.174024 1
0.184467 1
0.212754 1
0.187167 1
0.642907 1
0.177189 1
0.303211 1
0.878430 1
0.242659 1
0.199428 1
0.115160 1
0.181878 1
0.201779 1
0.111628 1
0.245465 1
0.095714 1
0.147497 1
0.927310 2
0.010546 41
0.898887 1
0.271005 1
0.303433 1
0.289225 1
0.194461 1
0.222348 1
0.317978 1
0.273474 2
0.009316 2049
8.667485 1
0.362248 1
0.159304 1
0.133292 1
0.558425 67
3.723752 1
0.207315 1
0.115613 1
0.094306 1
0.158470 55
1.235822 1
0.071872 1
0.132230 1
0.111650 1
0.242584 1
0.161950 1
0.180247 1
0.111212 1
0.299843 1
0.228937 1
0.250376 1
0.159886 1
0.037061 1
0.244437 1
0.533817 3
0.088842 1
4.553020 2
0.001386 82
2.526330 1
0.199604 1
0.074897 1
0.124455 1
0.079466 10
0.005185 34
0.197809 213
0.453706 11
1.168801 4
0.148033 4
0.148679 4
0.082827 1
0.182072 1
0.315969 1
0.150836 1
0.125533 1
0.219267 1
0.019527 1
0.551399 4
0.454485 2
8.302479 60
12.607851 6
0.884944 84
3.956715 69
2.766838 72
0.288668 75
0.000243 2
0.003203 37
0.243971 42
0.595673 60
0.782741 62
0.566147 36
4.639502 82
1.240116 50
0.000251 44
0.000252 51
178.174321 48
3.520352 59
2.083118 60
0.219626 42
1.641675 49
0.000937 81
2.635833 192
0.537283 218
1.678850 4
0.302675 1
0.445302 1
0.093401 1
0.131727 1
0.147735 1
0.226865 1
0.132501 1
0.183415 1
0.086150 1
0.269386 1
0.204363 1
0.144665 1
0.267294 2
6.685551 53
0.209317 55
1.789922 1
0.092703 1
0.352252 1
0.258467 1
0.195306 1
0.227247 2
0.020578 47
0.002237 284
6.322553 1
1.329835 1
0.159675 1
0.191746 1
0.327487 1
0.298646 1
0.692334 1
0.175558 1
0.146377 1
0.612200 1
0.252562 1
0.862885 1
5.765481 1
0.219563 1
0.472961 1
0.251754 1
0.155987 1
0.147681 1
0.226949 1
0.549241 1
0.144086 1
0.171936 1
0.218842 1
0.316100 1
0.194158 1
0.479650 1
0.142960 1
0.566096 1
0.236005 1
0.255468 1
0.212093 1
0.254952 1
0.337096 1
0.339611 1
0.095008 1
1.031167 1
0.194783 1
0.655499 3
0.146619 3
0.748948 1
0.180794 1
0.215301 1
0.082332 1
0.236966 1
0.085732 1
0.178678 1
0.193325 1
0.149679 1
0.437683 1
1.021250 1
0.152355 1
0.927892 1
0.130242 1
0.113039 1
0.274737 1
0.528416 1
0.505492 3
0.175093 1
0.069473 1
0.679721 1
0.201638 1
1.106655 1
0.182442 1
0.200452 1
0.191689 1
0.087886 1
0.199866 1
0.163221 1
0.139802 1
0.228398 1
0.514278 1
0.867412 4
1.300568 4
0.620241 51
3.669517 1
0.284452 1
0.083052 1
0.107203 1
0.084475 10
0.000623 34
0.010573 179
0.000338 34
0.759928 11
0.193039 9
0.668129 2
8.495449 60
11.143991 84
3.687178 69
2.912532 72
0.237523 77
0.001277 37
0.217929 42
0.513139 60
0.707150 62
0.462052 36
3.664648 82
1.072180 50
0.000286 44
0.000199 51
60.099298 48
3.341450 59
2.087202 60
0.256266 42
1.670564 49
0.001025 81
4.742841 192
0.615492 182
0.000381 34
6.279247 14
0.352625 13
0.574011 2
6.402767 53
0.251138 24
0.001669 31
0.717420 1
0.982705 1
0.614324 1
0.118366 1
0.227579 1
0.400146 2
0.019555 331
24.316450 25
1.937895 2
0.007634 117
1.170902 1
0.132201 1
0.108273 1
0.119160 1
0.069427 1
0.100644 1
0.107558 1
0.048721 1
0.144201 2
0.172294 67
1.175190 25
0.645479 2
0.027661 67
2.270803 1
0.192464 1
0.334351 1
0.150131 1
0.111702 1
0.371675 1
0.180977 1
0.213534 1
0.175863 1
0.192643 1
0.278386 1
0.192999 1
0.173559 1
0.095918 1
0.177909 1
0.192871 1
0.484171 1
1.826175 1
0.303470 2
0.019649 271
2.453115 18
0.517175 3
0.190990 2
0.004323 464
8.963029 39
0.524625 2
0.060895 83
6.404170 22
1.166310 2
0.053801 340
2.026762 54
2.044824 58
2.022836 56
2.027210 46
2.073101 52
2.028461 52
2.040967 56
2.022034 58
2.056778 56
2.044768 78
2.049498 55
2.032608 55
2.025597 58
2.026455 55
2.032837 56
2.031622 55
2.041547 58
2.023475 55
2.059548 55
2.047478 55
2.045104 56
2.042783 65
2.043500 58
2.025507 54
2.021716 54
2.026847 59
2.035137 46
2.035717 46
2.025444 47
2.063510 47
2.043323 49
2.045665 54
2.035894 45
2.030580 46
2.033933 56
2.031073 53
2.039400 46
2.026065 58
2.019735 45
2.016604 57
2.025116 53
2.034113 51
2.025807 54
2.058848 45
2.049071 66
2.071948 54
2.042462 55
2.043907 47
2.050320 55
2.053292 55
2.028544 54
2.035444 44
2.031392 58
2.034765 53
2.024152 55
2.040547 55
2.047453 55
2.024847 47
2.030167 54
2.033691 46
2.038158 55
2.033755 53
2.036147 57
2.050057 51
2.035498 55
2.038324 45
2.038063 54
2.039031 65
2.027597 46
2.035650 57
2.026311 53
2.035996 57
2.036562 54
2.016943 54
2.027330 55
2.034955 45
2.073480 47
2.047308 46
2.032707 46
2.046493 44
2.019738 45
2.038134 58
2.027879 45
2.030448 46
2.038420 53
2.052126 55
2.032697 55
2.044448 53
2.027808 45
2.125602 54
2.045202 66
2.040203 47
2.056542 54
2.165717 56
2.093067 54
2.074997 56
2.039037 58
2.049805 57
2.061783 55
2.055413 57
2.039949 53
2.038449 53
2.041378 55
2.041737 54
2.033332 54
2.046823 58
2.038429 53
2.036305 57
2.029806 57
2.027490 54
2.033144 57
2.032327 81
2.042250 46
2.046654 58
2.053470 47
2.035677 57
2.039222 58
2.038429 55
2.106176 47
2.033604 54
2.037679 38
2.051392 48
2.039785 54
2.039656 47
2.046324 55
2.044054 59
2.034639 45
2.041961 47
2.025243 46
2.051405 56
2.045127 49
2.041349 54
2.041976 54
2.046919 46
2.043384 55
2.061427 61
2.038086 47
2.046312 46
2.057172 55
2.034920 58
2.036740 50
2.031528 47
2.039234 46
2.042913 47
2.032683 58
2.032664 48
2.048534 57
2.028293 55
2.029936 56
2.040669 57
2.044800 53
2.033525 46
2.049015 54
2.040458 57
2.047745 48
2.055912 54
2.037778 56
2.035926 64
2.033538 57
2.052444 47
2.028466 46
2.036313 56
2.031712 66
2.028355 53
2.032451 57
2.057908 55
2.037693 55
2.042426 56
2.029224 55
2.036856 61
2.033144 53
2.030488 47
2.052960 57
2.028064 44
2.049672 55
2.032336 55
2.046927 49
2.035872 46
2.039797 54
2.030447 55
2.057293 53
2.050497 57
2.042259 46
2.049496 55
2.036028 56
2.029965 47
2.058977 67
2.040523 56
2.056768 54
2.034025 48
2.048537 48
2.059639 57
2.032390 47
2.039907 55
2.035904 47
2.048147 55
2.038173 58
2.040409 47
2.047149 46
2.020642 71
2.034511 55
2.059836 55
2.020352 57
2.028382 55
2.051307 55
2.026612 56
2.036691 47
2.057618 71
2.039886 55
2.046047 57
2.061851 54
2.041585 56
2.044716 67
2.041989 50
2.052561 54
2.047273 57
2.018603 47
2.030107 59
2.033205 56
2.032509 57
2.054394 47
2.039907 53
2.036948 54
2.034459 60
2.043535 49
2.037357 44
2.029554 56
2.032392 46
2.060193 60
2.037113 54
2.037452 53
2.026527 55
2.044670 49
2.049630 57
2.030849 54
2.040967 46
2.031145 48
2.063075 55
2.039224 67
2.032766 55
2.068460 57
2.058536 56
2.070865 55
2.038788 56
2.072657 55
2.062866 70
2.023386 55
2.047232 56
2.039321 49
2.040500 69
2.048133 58
2.033575 54
2.062198 57
2.037245 55
2.036416 55
2.036985 60
2.044812 56
2.042150 58
2.059462 59
2.060703 54
2.038912 55
2.024289 54
2.034901 47
2.033041 55
2.029561 55
2.042950 57
2.028566 55
2.025960 49
2.049103 55
2.040799 56
2.039511 46
2.023658 45
2.028184 58
2.031198 47
2.026582 57
2.030427 55
2.061511 55
2.028903 57
2.030061 48
2.028906 54
2.030457 45
2.027583 55
2.037628 56
2.082021 57
2.040116 54
2.061113 46
2.046787 45
2.049552 70
2.049693 46
2.030787 57
2.035303 46
2.040256 54
2.058553 49
2.025745 55
2.063602 45
2.037401 46
2.070598 45
2.032898 58
2.054321 47
2.048593 47
2.044081 54
2.043010 50
2.046162 45
2.030047 56
2.044694 45
2.043710 56
2.066009 49
2.039884 46
2.037190 56
2.044877 55
2.032928 58
2.042584 56
2.038302 45
2.046197 46
2.039914 55
2.038623 49
2.041452 49
2.052203 46
2.061988 45
2.034037 48
2.039048 48
2.036156 54
2.066368 47
2.041530 46
2.059479 46
2.055519 50
2.027669 57
2.035019 55
2.035518 45
2.064299 49
2.048677 48
2.045452 55
2.060942 47
2.039889 45
2.038961 70
2.037215 47
2.045627 55
2.060986 47
2.040867 52
2.034733 47
2.036599 47
2.072556 55
2.060441 47
2.052900 47
2.044582 55
2.025449 50
2.035946 55
2.029534 45
2.038800 55
2.049039 58
2.042982 55
2.058143 45
2.034411 47
2.054771 55
2.054537 49
2.044324 56
2.072411 55
2.034016 47
2.048583 47
2.033684 57
2.035097 48
2.046270 47
2.041204 54
2.044735 46
2.032893 56
2.053128 50
2.050448 53
2.041514 47
2.038893 49
2.028940 47
2.050472 62
2.051652 58
2.031440 46
2.050774 57
2.051940 47
2.036783 59
2.055365 47
2.033064 55
2.049221 57
2.037227 45
2.052447 58
2.046577 55
2.050559 47
2.047450 45
2.052655 46
2.052057 60
2.037485 46
2.069404 56
2.050266 55
2.048644 57
2.075945 54
2.055297 45
2.065546 55
2.074647 59
2.069908 58
2.047483 56
2.042993 47
2.042360 46
2.044919 55
2.039127 60
2.041530 55
2.026262 55
2.032727 56
2.038377 56
2.044267 52
2.028268 56
2.035401 58
2.073707 46
2.069328 56
2.042056 59
2.048800 47
2.033477 54
2.034182 54
2.038743 47
2.043272 48
2.047806 66
2.071386 46
2.047402 47
2.052978 47
2.053420 49
2.034396 46
2.048028 58
2.040630 48
2.031678 54
2.037170 48
2.067930 55
2.037396 49
2.043630 55
2.055870 53
2.031367 49
2.046684 56
2.035048 59
2.037916 45
2.035521 59
2.036147 48
2.038279 54
2.046381 47
2.072493 54
2.059595 49
2.055318 47
2.063359 46
2.059786 57
2.043777 55
2.028639 48
2.036590 47
2.039784 47
2.037272 57
2.032942 47
2.029826 48
2.037366 54
2.035649 45
2.070225 55
2.047800 49
2.039205 56
2.048745 47
2.048637 45
2.032027 58
2.030177 55
2.039182 47
2.028017 56
2.040406 46
2.040839 50
2.031573 55
2.062957 52
2.066394 56
2.038001 58
2.118788 48
2.021348 55
2.036964 48
2.034128 47
2.031615 49
2.051786 55
2.047346 47
2.044450 47
2.046645 46
2.035560 56
2.036334 47
2.025333 56
2.026500 47
2.041159 46
2.041398 57
2.043278 47
2.027671 49
2.035757 56
2.060733 50
2.043639 55
2.042354 47
2.044024 48
2.021738 38
1.637559 56
0.001697 26
3.338818 1
0.155197 1
0.757384 1
0.255855 1
1.023938 1
0.401347 2
0.015674 422
5.037677 1
0.272594 1
0.545034 3
0.181370 3
0.169852 1
6.578250 1
0.511844 1
0.865149 1
0.364273 1
0.271821 55
3.522491 1
0.372126 1
0.153354 1
0.240236 1
0.242604 10
0.000814 34
0.021705 213
1.562450 6
